DataGarrison Station - ID 8388608
Time zone: UTC -420 minutes
Date_Time	Pressure_20290338_mbar	Temperature_20339014_°C	RH_20339014_%	Wind Speed_20339187_km/hr	Gust Speed_20339187_km/hr	Wind Direction_20339187_°	SW-IN_SDI_0_0_W/m^2	SW-OUT_SDI_0_1_W/m^2	LW-IN_SDI_0_2_W/m^2	LW-OUT_SDI_0_3_W/m^2	
11/01/24 08:24:13	799.150	-4.318	69.100	14.033	14.033	256.918	-3.940	0.830	209.310	282.410
11/01/24 09:00:00	798.950	-3.956	66.900	31.573	53.324	247.090	-6.050	1.070	208.980	285.030
11/01/24 10:00:00	798.550	-3.777	66.300	28.065	61.744	234.455	2.790	5.530	208.510	286.210
11/01/24 11:00:00	798.350	-4.167	66.900	21.751	46.308	230.243	16.700	13.800	204.030	283.810
11/01/24 12:00:00	797.450	-3.419	65.400	16.839	42.800	219.012	82.750	63.950	210.710	293.660
11/01/24 13:00:00	797.450	-3.836	72.700	25.960	57.534	192.337	55.930	40.570	234.940	293.430
11/01/24 14:00:00	797.050	-3.330	67.900	22.452	56.832	196.549	73.930	52.760	260.430	296.900
11/01/24 15:00:00	796.450	-3.627	75.600	19.646	70.865	200.761	167.870	121.380	282.240	310.180
11/01/24 16:00:00	795.850	-3.807	67.800	16.839	56.131	213.396	52.050	41.930	220.370	292.340
11/01/24 17:00:00	795.250	-3.986	67.400	18.242	49.114	210.588	40.310	28.960	253.240	292.910
11/01/24 18:00:00	794.150	-4.076	69.800	16.839	56.131	214.800	6.290	6.710	253.240	291.030
11/01/24 19:00:00	793.450	-4.046	70.700	16.138	49.114	213.396	-2.550	-0.210	263.670	290.570
11/01/24 20:00:00	792.750	-4.318	76.300	14.734	54.727	231.647	-1.880	0.130	272.630	292.100
11/01/24 21:00:00	792.450	-6.294	84.600	11.226	39.993	269.553	-1.310	0.040	276.360	289.150
11/01/24 22:00:00	791.950	-7.187	92.300	11.226	55.429	0.000	-0.510	-0.160	280.820	287.210
11/01/24 23:00:00	791.350	-7.058	93.300	12.629	24.557	14.039	-0.420	0.010	283.330	287.130
11/02/24 00:00:00	790.350	-7.058	93.600	10.524	28.065	16.847	-0.180	0.000	285.650	286.850
11/02/24 01:00:00	790.450	-6.994	93.900	7.016	23.154	23.867	-0.180	0.030	285.990	286.980
11/02/24 02:00:00	790.150	-7.058	94.000	7.718	20.347	18.251	-0.070	0.080	286.070	286.830
11/02/24 03:00:00	789.650	-6.674	94.400	7.718	20.347	23.867	-0.160	0.000	287.510	288.150
11/02/24 04:00:00	789.350	-6.706	94.300	6.315	21.751	12.635	-0.860	0.160	285.580	287.480
11/02/24 05:00:00	788.950	-7.155	94.400	7.718	24.557	7.020	-0.640	0.050	284.260	285.650
11/02/24 06:00:00	788.950	-6.738	94.600	7.016	14.734	332.729	-1.570	0.180	285.410	287.060
11/02/24 07:00:00	788.850	-7.187	94.400	4.210	11.226	12.635	-0.970	0.090	283.820	285.250
11/02/24 08:00:00	788.550	-7.316	94.500	6.315	14.033	1.404	-0.440	-0.010	284.980	285.450
11/02/24 09:00:00	788.750	-7.187	94.700	4.210	10.524	42.118	-0.330	-0.010	285.670	285.990
11/02/24 10:00:00	788.850	-7.187	94.700	4.911	9.823	39.310	4.050	5.360	285.710	286.150
11/02/24 11:00:00	788.950	-7.090	94.800	3.508	9.121	16.847	18.920	22.480	287.280	287.460
11/02/24 12:00:00	788.950	-6.994	94.700	4.210	9.121	348.173	40.620	49.080	290.510	290.550
11/02/24 13:00:00	789.250	-6.168	95.800	4.210	7.718	336.941	91.100	117.320	299.800	298.210
11/02/24 14:00:00	789.350	-7.219	94.900	4.210	8.420	335.537	67.730	99.680	293.010	290.400
11/02/24 15:00:00	789.050	-6.962	95.100	4.911	9.121	311.671	61.070	95.390	292.450	287.610
11/02/24 16:00:00	789.050	-7.122	95.000	7.016	11.928	310.267	40.950	63.050	280.920	285.820
11/02/24 17:00:00	789.350	-7.445	94.900	5.613	11.928	338.345	23.480	34.180	285.400	284.970
11/02/24 18:00:00	789.050	-7.706	94.800	4.210	9.121	304.651	0.130	5.500	274.740	273.600
11/02/24 19:00:00	789.050	-8.563	94.000	4.210	11.928	209.184	-6.560	-0.300	238.100	258.140
11/02/24 20:00:00	789.350	-8.364	94.100	5.613	10.524	148.816	-3.680	-0.490	246.890	262.340
11/02/24 21:00:00	788.950	-8.730	94.000	3.508	23.856	172.682	-3.540	0.000	241.690	268.320
11/02/24 22:00:00	788.950	-7.869	94.500	13.331	24.557	252.706	-4.580	-0.280	251.270	274.680
11/02/24 23:00:00	789.150	-7.935	94.000	10.524	20.347	283.592	-2.080	0.040	260.980	279.950
11/03/24 00:00:00	789.150	-8.198	94.300	15.436	22.452	321.498	-0.440	0.070	270.760	280.730
11/03/24 01:00:00	789.250	-8.297	94.100	13.331	23.856	313.075	-1.220	-0.030	269.690	279.110
11/03/24 02:00:00	788.950	-8.000	94.800	9.121	21.049	296.227	-0.820	0.080	267.020	280.700
11/03/24 03:00:00	789.250	-7.640	94.700	11.226	18.944	317.286	-0.710	0.050	273.460	281.600
11/03/24 04:00:00	788.950	-7.640	94.700	11.226	20.347	287.804	-0.240	0.080	278.380	283.140
11/03/24 05:00:00	788.650	-8.033	94.800	7.016	16.138	304.651	-0.530	-0.090	277.300	281.970
11/03/24 06:00:00	788.450	-8.099	94.600	4.911	10.524	255.514	-0.710	0.000	272.730	280.660
11/03/24 07:00:00	788.550	-7.968	94.500	3.508	8.420	252.706	-0.490	0.010	274.290	280.460
11/03/24 08:00:00	788.050	-8.132	94.500	7.016	10.524	217.608	-1.060	-0.070	270.280	280.130
11/03/24 09:00:00	788.450	-7.869	94.800	2.105	7.718	197.953	-0.420	0.000	277.160	281.170
11/03/24 10:00:00	788.650	-7.673	94.800	0.000	4.210	210.588	9.280	12.980	283.230	283.240
11/03/24 11:00:00	789.250	-6.610	95.600	0.702	7.016	172.682	24.830	41.460	291.890	285.370
11/03/24 12:00:00	789.350	-7.058	95.200	3.508	7.718	262.533	41.460	66.990	291.390	287.040
11/03/24 13:00:00	789.550	-6.962	95.200	5.613	14.734	287.804	64.340	103.550	293.340	288.350
11/03/24 14:00:00	789.450	-4.499	94.400	11.226	42.800	269.553	81.180	112.650	282.850	293.690
11/03/24 15:00:00	790.750	-4.651	89.300	15.436	58.236	224.627	49.020	67.360	281.670	292.410
11/03/24 16:00:00	791.650	-5.018	85.300	16.138	58.236	240.071	46.650	59.870	283.210	291.550
11/03/24 17:00:00	792.150	-6.452	90.800	21.049	65.252	202.165	14.350	17.880	284.260	288.660
11/03/24 18:00:00	792.950	-6.642	87.600	19.646	61.042	200.761	1.440	3.820	262.010	284.460
11/03/24 19:00:00	793.150	-6.579	80.900	19.646	44.203	210.588	-4.100	0.250	233.000	280.060
11/03/24 20:00:00	793.050	-6.802	79.100	26.662	50.518	207.780	-3.260	-0.150	247.690	281.030
11/03/24 21:00:00	792.450	-6.834	69.900	14.033	57.534	202.165	-6.980	-0.270	191.050	270.530
11/03/24 22:00:00	792.950	-6.866	68.500	14.033	41.396	221.820	-2.920	-0.030	239.760	277.910
11/03/24 23:00:00	793.250	-7.155	68.500	16.138	51.921	196.549	-3.210	0.660	248.990	279.410
11/04/24 00:00:00	793.450	-6.866	64.700	16.839	35.783	182.510	-4.190	0.130	232.110	277.070
11/04/24 01:00:00	793.750	-7.316	72.500	17.541	48.413	200.761	-3.430	0.430	232.150	277.900
11/04/24 02:00:00	793.450	-7.510	67.400	25.960	54.727	190.933	-6.470	0.180	198.040	273.150
11/04/24 03:00:00	794.150	-8.231	63.400	18.944	45.606	174.086	-9.390	0.200	181.940	265.790
11/04/24 04:00:00	794.150	-8.831	63.300	16.839	37.187	183.914	-7.550	-0.110	180.780	265.020
11/04/24 05:00:00	794.150	-8.264	63.700	20.347	43.501	197.953	-7.730	0.570	181.890	267.750
11/04/24 06:00:00	794.550	-8.033	63.300	27.364	45.606	197.953	-6.450	-0.060	180.750	265.920
11/04/24 07:00:00	794.650	-7.738	59.800	23.856	41.396	186.722	-5.850	0.100	202.870	269.270
11/04/24 08:00:00	794.750	-9.371	60.000	21.049	37.187	196.549	-5.470	0.020	194.670	264.970
11/04/24 09:00:00	795.450	-8.965	56.600	18.242	30.170	224.627	-5.760	0.960	184.390	263.430
11/04/24 10:00:00	795.850	-9.644	54.900	12.629	24.557	240.071	-3.190	3.120	181.880	261.690
11/04/24 11:00:00	796.250	-9.235	55.900	14.033	27.364	223.224	12.030	16.090	182.160	259.330
11/04/24 12:00:00	797.450	-9.747	56.500	7.016	22.452	185.318	96.680	94.520	178.220	267.590
11/04/24 13:00:00	797.750	-10.023	55.100	14.033	34.380	220.416	128.800	128.870	180.310	275.680
11/04/24 14:00:00	798.350	-10.616	57.100	16.839	28.767	230.243	142.020	135.730	180.360	275.730
11/04/24 15:00:00	799.450	-8.397	50.500	13.331	26.662	226.031	130.410	119.540	181.780	281.600
11/04/24 16:00:00	800.050	-8.132	50.800	5.613	17.541	209.184	100.200	88.270	181.250	278.580
11/04/24 17:00:00	800.950	-9.954	57.000	5.613	18.944	195.145	8.080	10.140	178.310	260.860
11/04/24 18:00:00	801.450	-10.336	54.800	7.016	21.751	216.204	-3.190	2.400	177.030	255.800
11/04/24 19:00:00	802.150	-10.023	56.000	4.911	13.331	112.314	-7.640	0.290	177.810	256.640
11/04/24 20:00:00	802.050	-10.441	53.300	12.629	32.977	211.992	-5.980	0.550	175.700	258.920
11/04/24 21:00:00	802.450	-10.616	53.500	20.347	34.380	231.647	-4.540	0.860	175.740	258.660
11/04/24 22:00:00	803.450	-10.266	52.200	16.839	30.872	228.839	-8.000	0.240	176.210	257.720
11/04/24 23:00:00	803.050	-10.651	55.100	14.734	26.662	228.839	-5.380	-0.180	174.820	255.950
11/05/24 00:00:00	802.750	-10.511	54.100	11.928	25.960	207.780	-7.730	-0.350	176.280	254.430
11/05/24 01:00:00	802.950	-10.651	54.900	8.420	27.364	221.820	-8.260	0.110	180.060	252.860
11/05/24 02:00:00	802.350	-10.162	53.100	11.226	28.065	263.937	-6.220	-0.070	195.080	257.170
11/05/24 03:00:00	802.550	-8.231	58.600	13.331	38.590	204.973	-3.430	1.520	230.070	271.030
11/05/24 04:00:00	802.350	-7.316	53.200	23.154	56.832	199.357	-2.570	-0.270	250.670	274.920
11/05/24 05:00:00	801.350	-7.836	58.500	19.646	53.324	202.165	-2.350	0.010	250.330	275.120
11/05/24 06:00:00	800.250	-7.122	59.300	21.049	65.953	202.165	-1.400	0.140	261.070	278.220
11/05/24 07:00:00	798.450	-7.251	65.900	28.065	76.478	185.318	-2.060	-0.930	256.420	278.190
11/05/24 08:00:00	797.450	-7.026	69.500	28.767	72.268	192.337	-1.950	-0.330	264.230	280.030
11/05/24 09:00:00	797.550	-7.543	72.800	32.977	87.704	199.357	-0.800	0.170	269.850	280.430
11/05/24 10:00:00	796.650	-7.413	70.100	15.436	55.429	226.031	0.890	1.580	271.390	280.730
11/05/24 11:00:00	795.350	-7.348	75.000	16.138	83.494	268.149	15.750	13.010	274.930	282.870
11/05/24 12:00:00	794.350	-7.543	87.900	21.049	50.518	204.973	13.000	12.710	281.810	284.740
11/05/24 13:00:00	792.850	-7.381	92.000	12.629	38.590	226.031	20.420	27.460	284.820	286.070
11/05/24 14:00:00	791.450	-6.898	92.400	7.016	30.872	342.557	18.360	29.030	287.920	287.750
11/05/24 15:00:00	790.550	-8.364	92.800	9.121	41.396	43.522	27.200	40.220	281.790	282.080
11/05/24 16:00:00	789.250	-8.898	92.200	13.331	32.275	28.078	32.490	46.370	278.450	278.950
11/05/24 17:00:00	788.550	-9.371	92.600	14.734	32.977	7.020	14.260	20.090	277.830	277.620
11/05/24 18:00:00	788.850	-9.303	92.800	11.928	25.259	14.039	1.730	2.420	276.970	277.280
11/05/24 19:00:00	789.450	-9.235	92.900	11.226	25.960	29.482	-0.160	-0.070	276.690	277.350
11/05/24 20:00:00	789.450	-9.439	92.900	13.331	21.751	12.635	-2.480	0.180	264.360	274.150
11/05/24 21:00:00	790.050	-9.066	93.100	11.226	23.856	15.443	-2.570	-0.290	271.860	275.380
11/05/24 22:00:00	790.850	-6.770	94.500	8.420	41.396	168.471	-6.760	-2.680	269.040	284.130
11/05/24 23:00:00	791.050	-5.854	94.300	13.331	45.606	193.741	-0.840	-0.130	263.690	284.690
11/06/24 00:00:00	791.450	-6.010	93.600	14.734	35.783	217.608	-1.130	-0.100	277.860	286.140
11/06/24 01:00:00	791.550	-5.979	93.900	14.033	42.800	202.165	-0.600	-0.180	280.660	286.830
11/06/24 02:00:00	791.850	-7.187	94.400	14.033	45.606	106.698	-0.510	-0.340	281.650	284.720
11/06/24 03:00:00	792.050	-7.155	95.000	10.524	16.839	32.290	0.000	0.150	282.740	285.040
11/06/24 04:00:00	792.550	-6.262	93.300	16.839	63.147	199.357	-0.930	-0.190	272.000	281.900
11/06/24 05:00:00	792.850	-6.483	93.000	14.033	52.622	171.278	-1.060	-0.080	272.960	282.970
11/06/24 06:00:00	792.950	-7.935	94.300	5.613	28.065	85.639	-0.530	-0.030	275.580	281.080
11/06/24 07:00:00	793.350	-7.804	94.500	4.210	19.646	51.945	-0.400	-0.080	281.950	282.340
11/06/24 08:00:00	793.450	-7.738	94.500	7.718	37.888	101.082	-0.350	-0.080	280.840	282.520
11/06/24 09:00:00	793.350	-7.738	94.700	4.911	20.347	7.020	0.750	0.360	271.510	280.800
11/06/24 10:00:00	793.650	-6.738	93.500	11.928	44.203	136.180	1.060	3.830	262.000	280.310
11/06/24 11:00:00	794.150	-7.026	92.700	15.436	42.098	148.816	17.430	25.280	271.710	281.320
11/06/24 12:00:00	794.150	-7.058	78.400	19.646	39.993	196.549	19.050	34.090	232.500	276.010
11/06/24 13:00:00	794.750	-7.155	69.500	15.436	43.501	186.722	128.550	178.410	224.710	276.680
11/06/24 14:00:00	795.650	-7.219	76.500	15.436	32.977	209.184	74.730	101.150	270.530	281.790
11/06/24 15:00:00	795.650	-6.962	67.800	16.138	36.485	202.165	103.440	152.760	202.870	273.510
11/06/24 16:00:00	797.350	-7.543	70.700	17.541	38.590	233.051	64.370	83.100	246.710	273.930
11/06/24 17:00:00	797.550	-7.122	70.100	16.138	44.905	189.529	6.800	18.790	198.340	274.240
11/06/24 18:00:00	798.050	-7.316	68.300	32.977	51.921	172.682	-4.560	3.870	185.120	271.660
11/06/24 19:00:00	799.550	-7.640	62.300	33.678	56.131	192.337	-8.260	-2.190	182.540	264.980
11/06/24 20:00:00	799.550	-8.430	66.200	25.259	37.187	216.204	-7.090	-0.360	181.910	265.310
11/06/24 21:00:00	800.050	-8.000	60.800	24.557	40.695	217.608	-7.330	0.270	183.020	266.330
11/06/24 22:00:00	800.050	-8.497	59.600	23.856	35.082	217.608	-6.380	-0.800	188.900	263.630
11/06/24 23:00:00	799.450	-10.266	63.000	9.823	22.452	235.859	-4.980	-0.450	209.170	260.430
11/07/24 00:00:00	799.750	-9.473	63.400	5.613	19.646	60.369	-5.070	-0.070	212.210	260.130
11/07/24 01:00:00	798.950	-8.932	56.600	6.315	19.646	204.973	-2.610	0.440	225.020	266.180
11/07/24 02:00:00	798.550	-9.202	54.000	7.718	16.839	228.839	-4.410	0.820	195.110	260.990
11/07/24 03:00:00	797.550	-9.202	55.800	5.613	17.541	193.741	-2.970	0.120	198.420	256.900
11/07/24 04:00:00	797.250	-9.576	54.800	2.105	8.420	186.722	-4.500	-0.350	191.210	253.150
11/07/24 05:00:00	795.950	-9.610	53.500	2.807	10.524	193.741	-5.450	-0.300	208.680	257.720
11/07/24 06:00:00	794.750	-8.697	50.200	5.613	12.629	211.992	-2.900	-0.210	229.000	266.610
11/07/24 07:00:00	793.350	-8.297	48.400	4.210	11.928	245.686	-0.440	0.320	251.350	271.350
11/07/24 08:00:00	792.050	-8.033	48.200	9.823	15.436	234.455	-1.730	-0.210	249.280	272.090
11/07/24 09:00:00	790.750	-9.371	52.100	5.613	15.436	0.000	-2.590	-0.080	231.320	264.620
11/07/24 10:00:00	789.150	-9.989	55.300	11.928	21.751	329.922	0.110	2.080	252.080	269.330
11/07/24 11:00:00	787.850	-8.697	56.000	15.436	30.872	294.824	29.080	30.030	251.750	273.440
11/07/24 12:00:00	787.550	-8.932	58.600	7.016	18.242	214.800	37.960	40.410	255.050	275.240
11/07/24 13:00:00	787.450	-9.885	64.200	7.718	16.839	339.749	61.380	63.960	264.010	276.870
11/07/24 14:00:00	786.550	-9.782	80.900	9.823	21.049	287.804	52.560	58.070	261.860	279.270
11/07/24 15:00:00	785.950	-10.616	85.500	4.911	13.331	150.220	50.460	58.280	262.120	276.170
11/07/24 16:00:00	785.050	-10.336	86.400	2.807	7.718	220.416	29.790	36.790	257.150	273.930
11/07/24 17:00:00	785.350	-10.546	89.300	8.420	20.347	186.722	10.790	14.670	272.190	275.190
11/07/24 18:00:00	785.450	-9.954	91.500	5.613	14.734	310.267	1.710	2.350	273.320	275.890
11/07/24 19:00:00	785.750	-6.579	86.700	14.734	61.042	235.859	-0.550	0.000	282.690	285.320
11/07/24 20:00:00	786.250	-6.962	84.600	26.662	82.793	188.125	-1.530	-0.030	264.720	283.350
11/07/24 21:00:00	787.450	-7.219	78.200	20.347	89.809	200.761	-1.350	-0.020	267.480	281.340
11/07/24 22:00:00	788.050	-7.026	74.500	14.734	54.727	219.012	-1.260	-0.080	267.190	281.110
11/07/24 23:00:00	788.550	-7.219	77.400	14.033	41.396	217.608	-1.990	1.050	255.620	279.710
11/08/24 00:00:00	789.450	-7.413	73.800	13.331	32.275	209.184	-2.460	0.260	243.370	276.500
11/08/24 01:00:00	789.550	-7.381	73.200	13.331	45.606	214.800	-3.830	0.500	236.790	275.640
11/08/24 02:00:00	790.150	-6.706	66.200	11.226	42.098	185.318	-4.520	-0.390	233.790	275.110
11/08/24 03:00:00	790.250	-7.058	69.300	10.524	50.518	192.337	-2.970	0.290	236.050	274.570
11/08/24 04:00:00	790.550	-6.738	66.500	9.121	30.170	279.380	-1.860	-0.210	254.840	277.700
11/08/24 05:00:00	790.250	-6.898	67.600	9.823	30.872	255.514	-2.150	-0.290	254.700	278.130
11/08/24 06:00:00	790.650	-6.579	68.200	11.928	41.396	238.667	-4.080	-0.030	228.640	275.460
11/08/24 07:00:00	791.350	-6.770	67.600	14.033	35.783	217.608	-4.670	-0.450	237.090	275.900
11/08/24 08:00:00	791.450	-6.452	68.200	11.928	28.767	227.435	-3.990	-0.060	239.080	276.030
11/08/24 09:00:00	791.550	-6.547	66.700	14.033	47.711	213.396	-5.050	0.030	230.870	276.220
11/08/24 10:00:00	792.450	-6.388	67.300	14.033	42.800	210.588	-1.350	1.710	231.280	276.010
11/08/24 11:00:00	792.850	-6.199	65.100	14.734	41.396	219.012	13.440	19.180	212.260	274.770
11/08/24 12:00:00	793.450	-6.610	66.300	16.138	51.921	211.992	23.680	28.810	206.820	274.280
11/08/24 13:00:00	794.050	-6.610	66.300	14.734	33.678	209.184	30.080	36.550	204.180	273.950
11/08/24 14:00:00	794.250	-6.136	64.300	14.734	35.082	214.800	60.580	63.550	226.630	280.240
11/08/24 15:00:00	794.650	-6.325	66.800	15.436	42.800	209.184	58.070	58.700	238.050	282.130
11/08/24 16:00:00	794.950	-6.168	67.200	16.839	39.993	203.569	44.050	44.110	245.630	283.110
11/08/24 17:00:00	795.350	-6.325	66.800	13.331	31.573	203.569	23.920	25.470	244.490	280.990
11/08/24 18:00:00	795.450	-6.168	65.900	16.138	44.905	214.800	-0.380	1.710	237.470	279.550
11/08/24 19:00:00	795.850	-6.199	66.100	16.839	39.291	204.973	-2.640	0.160	248.110	279.310
11/08/24 20:00:00	796.150	-5.979	66.700	12.629	35.082	197.953	-3.430	-0.600	250.800	280.000
11/08/24 21:00:00	796.450	-6.483	73.100	11.928	25.960	203.569	-2.770	0.150	246.340	279.870
11/08/24 22:00:00	796.450	-6.136	69.600	9.823	39.291	220.416	-2.260	0.210	248.190	280.410
11/08/24 23:00:00	796.750	-6.231	71.100	10.524	40.695	214.800	-2.280	-0.060	264.100	282.330
11/09/24 00:00:00	797.050	-5.823	68.800	11.226	45.606	214.800	-2.920	-0.180	248.040	280.510
11/09/24 01:00:00	797.150	-5.605	66.500	16.138	61.042	206.376	-4.610	-0.090	225.000	278.970
11/09/24 02:00:00	797.550	-5.760	64.500	14.734	49.816	214.800	-6.470	0.030	211.300	273.810
11/09/24 03:00:00	797.650	-6.073	67.700	11.928	44.905	220.416	-5.180	0.790	225.030	276.890
11/09/24 04:00:00	797.650	-5.885	65.800	13.331	42.800	221.820	-5.270	-0.340	221.250	276.390
11/09/24 05:00:00	797.650	-5.760	67.600	10.524	30.170	216.204	-3.210	-0.400	252.160	280.690
11/09/24 06:00:00	797.250	-5.916	68.000	12.629	50.518	219.012	-4.100	0.140	216.510	277.280
11/09/24 07:00:00	797.650	-5.542	64.400	18.242	61.042	204.973	-5.360	-0.240	216.610	276.520
11/09/24 08:00:00	797.450	-6.073	65.800	16.138	41.396	213.396	-6.560	0.390	219.870	277.070
11/09/24 09:00:00	797.650	-5.511	64.000	12.629	28.065	196.549	-5.540	1.390	211.540	275.060
11/09/24 10:00:00	797.850	-5.542	66.000	11.928	36.485	210.588	-2.040	2.160	239.500	279.310
11/09/24 11:00:00	797.950	-5.605	68.400	14.033	39.291	211.992	14.840	14.720	256.820	283.130
11/09/24 12:00:00	797.950	-5.110	65.100	9.823	32.977	223.224	22.610	25.410	219.330	281.530
11/09/24 13:00:00	798.250	-5.605	72.800	14.033	44.203	192.337	71.870	68.500	271.210	288.420
11/09/24 14:00:00	798.150	-5.511	73.100	11.928	40.695	223.224	85.430	97.560	229.340	286.460
11/09/24 15:00:00	798.050	-5.049	66.100	12.629	42.098	220.416	39.430	42.620	217.970	281.660
11/09/24 16:00:00	798.050	-5.172	69.100	15.436	44.203	197.953	44.610	44.220	248.840	286.290
11/09/24 17:00:00	797.550	-6.010	74.300	12.629	44.905	220.416	12.160	16.140	225.760	279.920
11/09/24 18:00:00	797.250	-7.836	75.700	10.524	37.187	230.243	-2.350	1.130	216.600	270.860
11/09/24 19:00:00	797.650	-8.898	83.600	6.315	18.944	338.345	-5.850	-0.280	215.140	268.880
11/09/24 20:00:00	797.150	-8.430	81.900	4.911	16.839	338.345	-2.660	-0.170	228.380	269.780
11/09/24 21:00:00	797.250	-6.770	61.600	4.210	16.138	233.051	-4.030	0.650	228.270	271.740
11/09/24 22:00:00	796.450	-8.000	66.800	7.016	23.856	226.031	-3.680	-0.600	238.730	271.270
11/09/24 23:00:00	796.050	-8.563	68.300	6.315	16.138	322.902	-1.280	0.130	246.260	272.770
11/10/24 00:00:00	796.050	-9.405	74.200	4.911	11.928	289.208	-2.100	0.020	246.420	272.070
11/10/24 01:00:00	795.650	-8.697	72.100	5.613	17.541	227.435	-3.790	-0.400	241.870	271.190
11/10/24 02:00:00	795.550	-9.168	74.300	3.508	8.420	109.506	-3.630	-0.190	234.640	268.390
11/10/24 03:00:00	795.050	-9.168	81.600	5.613	11.928	276.573	-2.720	0.350	231.350	269.670
11/10/24 04:00:00	794.450	-9.679	80.100	10.524	16.839	306.055	-2.350	0.120	230.810	268.870
11/10/24 05:00:00	794.050	-10.058	91.100	14.734	22.452	318.690	-0.240	0.130	265.050	274.260
11/10/24 06:00:00	793.350	-9.885	91.400	14.033	22.452	301.843	-0.440	-0.080	270.310	275.560
11/10/24 07:00:00	792.950	-9.954	91.800	13.331	25.259	299.035	-0.220	0.160	271.540	275.750
11/10/24 08:00:00	792.550	-10.301	91.200	14.033	24.557	276.573	-0.970	-0.310	268.810	273.750
11/10/24 09:00:00	791.850	-9.954	92.000	12.629	19.646	270.957	-0.620	-0.020	270.790	275.470
11/10/24 10:00:00	791.950	-9.989	92.000	13.331	23.856	294.824	0.710	1.420	269.980	275.020
11/10/24 11:00:00	791.650	-9.644	92.500	13.331	27.364	297.631	17.170	17.710	268.620	275.720
11/10/24 12:00:00	791.150	-9.542	92.500	12.629	25.960	306.055	33.690	37.070	272.340	278.340
11/10/24 13:00:00	791.150	-9.610	92.600	11.928	19.646	320.094	93.340	106.040	270.450	281.150
11/10/24 14:00:00	790.350	-9.269	92.400	15.436	22.452	345.365	141.750	162.550	249.390	281.600
11/10/24 15:00:00	790.250	-9.816	92.500	21.049	28.767	355.192	33.510	43.610	226.470	270.410
11/10/24 16:00:00	790.050	-9.816	92.700	19.646	36.485	306.055	45.430	52.710	266.050	277.050
11/10/24 17:00:00	789.950	-9.816	92.900	17.541	30.170	293.420	20.290	23.340	265.830	275.740
11/10/24 18:00:00	789.250	-10.058	92.700	18.944	30.170	342.557	1.040	1.490	272.940	274.800
11/10/24 19:00:00	789.150	-10.092	92.600	16.839	25.960	345.365	-0.400	0.070	273.490	274.260
11/10/24 20:00:00	789.250	-10.127	92.700	14.734	23.154	308.863	-1.060	0.050	272.210	273.660
11/10/24 21:00:00	789.450	-10.722	92.400	13.331	21.049	265.341	-0.160	0.120	271.020	271.880
11/10/24 22:00:00	789.450	-11.361	92.000	9.823	16.138	314.478	-0.950	0.660	268.490	269.450
11/10/24 23:00:00	789.350	-10.827	92.300	7.718	16.138	269.553	-0.600	0.230	270.190	271.490
11/11/24 00:00:00	789.550	-11.326	92.100	7.016	18.944	202.165	-1.660	-0.030	266.730	268.930
11/11/24 01:00:00	789.850	-11.147	91.900	9.121	22.452	202.165	-5.580	-0.290	233.950	264.840
11/11/24 02:00:00	789.250	-11.147	92.100	7.016	12.629	176.894	-5.430	-0.350	228.430	263.460
11/11/24 03:00:00	789.350	-11.469	91.900	4.911	12.629	197.953	-2.810	-0.180	218.920	260.300
11/11/24 04:00:00	789.350	-10.934	91.600	6.315	14.033	223.224	-6.110	-0.430	201.940	260.640
11/11/24 05:00:00	788.950	-11.254	91.600	7.016	15.436	237.263	-2.410	0.270	226.080	262.370
11/11/24 06:00:00	789.150	-11.505	91.600	4.911	11.226	283.592	-2.020	-0.040	237.550	262.100
11/11/24 07:00:00	789.350	-11.613	91.800	4.210	10.524	303.247	-0.690	0.060	261.920	268.880
11/11/24 08:00:00	789.150	-11.326	92.000	2.807	7.016	223.224	-0.070	0.080	269.530	271.400
11/11/24 09:00:00	789.150	-10.616	92.600	1.403	4.911	185.318	0.040	0.120	271.930	273.360
11/11/24 10:00:00	789.250	-10.266	92.800	2.807	7.016	242.878	0.800	1.580	273.630	274.630
11/11/24 11:00:00	789.350	-10.162	92.800	2.807	7.718	266.745	13.400	19.320	275.180	273.430
11/11/24 12:00:00	789.450	-10.511	92.700	2.105	4.911	286.400	32.490	46.580	274.350	268.370
11/11/24 13:00:00	789.450	-9.954	92.900	2.807	6.315	292.016	80.090	118.430	283.420	268.560
11/11/24 14:00:00	789.750	-7.284	93.200	0.702	5.613	77.216	123.590	234.320	310.570	271.910
11/11/24 15:00:00	789.350	-6.930	92.700	0.000	3.508	23.867	112.270	196.750	207.800	270.410
11/11/24 16:00:00	789.450	-10.581	92.400	2.105	7.016	328.518	36.660	54.510	214.760	257.720
11/11/24 17:00:00	789.650	-10.406	92.500	2.105	9.121	286.400	14.910	23.910	212.560	255.500
11/11/24 18:00:00	789.850	-10.162	92.600	3.508	11.226	193.741	-0.400	2.450	222.500	259.810
11/11/24 19:00:00	789.750	-9.405	92.500	7.016	14.734	242.878	-2.790	0.740	230.180	265.350
11/11/24 20:00:00	789.750	-10.476	92.100	6.315	16.138	276.573	-5.340	-0.250	189.170	245.330
11/11/24 21:00:00	789.950	-10.546	91.700	5.613	22.452	314.478	-4.850	0.720	186.600	256.670
11/11/24 22:00:00	790.350	-9.851	91.800	13.331	25.960	224.627	-4.230	0.800	186.340	254.140
11/11/24 23:00:00	790.150	-9.747	90.600	18.944	34.380	230.243	-4.940	-0.030	186.610	259.120
11/12/24 00:00:00	790.350	-10.023	90.100	11.928	23.154	249.898	-5.030	-0.160	185.710	257.060
11/12/24 01:00:00	790.650	-8.965	88.900	8.420	26.662	188.125	-5.800	0.340	187.990	259.610
11/12/24 02:00:00	790.250	-8.898	81.100	14.033	27.364	219.012	-6.020	0.510	187.310	262.710
11/12/24 03:00:00	790.450	-9.508	74.400	11.928	30.872	214.800	-5.430	1.230	186.270	260.520
11/12/24 04:00:00	790.250	-9.439	72.500	23.856	33.678	226.031	-4.080	0.390	185.460	258.340
11/12/24 05:00:00	790.350	-10.651	72.400	16.839	35.082	213.396	-5.400	1.020	182.690	256.590
11/12/24 06:00:00	790.450	-10.476	69.900	23.856	35.082	231.647	-4.830	1.970	183.360	259.060
11/12/24 07:00:00	790.450	-10.266	67.700	24.557	34.380	237.263	-6.090	0.100	182.980	257.310
11/12/24 08:00:00	790.650	-9.782	67.000	16.138	30.170	216.204	-5.140	0.130	184.360	257.960
11/12/24 09:00:00	790.850	-10.162	66.500	21.049	31.573	226.031	-4.980	-0.680	184.760	258.080
11/12/24 10:00:00	791.250	-10.092	67.200	20.347	32.275	227.435	-2.500	3.100	188.590	255.690
11/12/24 11:00:00	791.350	-10.058	69.600	21.751	31.573	240.071	17.520	25.520	191.100	259.540
11/12/24 12:00:00	791.550	-9.919	67.200	22.452	32.977	233.051	41.310	55.790	196.480	261.940
11/12/24 13:00:00	792.050	-9.033	65.800	15.436	28.065	249.898	102.170	150.050	198.310	268.130
11/12/24 14:00:00	792.050	-9.100	67.300	8.420	18.944	249.898	64.390	87.790	203.640	264.310
11/12/24 15:00:00	792.250	-8.764	67.700	4.210	11.928	226.031	54.220	72.500	207.190	263.010
11/12/24 16:00:00	792.150	-9.576	69.100	3.508	11.226	301.843	30.390	49.960	200.680	259.920
11/12/24 17:00:00	792.450	-9.782	72.200	2.807	9.121	328.518	19.560	27.190	201.760	254.670
11/12/24 18:00:00	792.750	-10.301	75.400	3.508	15.436	235.859	-1.090	0.920	217.710	255.720
11/12/24 19:00:00	792.950	-10.406	75.700	2.105	9.121	245.686	-2.280	-0.080	218.530	256.270
11/12/24 20:00:00	793.050	-11.613	77.300	3.508	9.121	307.459	-2.330	-0.200	220.380	254.720
11/12/24 21:00:00	792.850	-10.757	78.400	0.702	4.911	202.165	-2.150	0.100	216.240	253.920
11/12/24 22:00:00	792.650	-10.301	81.000	1.403	6.315	224.627	-1.370	0.190	218.670	257.180
11/12/24 23:00:00	792.450	-10.863	81.900	0.702	7.016	282.188	-3.410	-0.310	222.190	254.510
11/13/24 00:00:00	792.750	-11.397	83.700	1.403	5.613	136.180	-3.170	-0.150	220.180	254.680
11/13/24 01:00:00	792.650	-12.417	85.400	0.702	4.210	350.980	-2.880	-0.090	216.690	251.620
11/13/24 02:00:00	792.450	-11.686	86.400	2.807	9.823	195.145	-4.080	-0.370	222.740	255.560
11/13/24 03:00:00	792.150	-12.049	88.400	1.403	5.613	210.588	-2.770	-0.220	218.330	252.300
11/13/24 04:00:00	792.250	-11.976	88.200	1.403	7.016	169.875	-3.630	-0.240	227.740	252.390
11/13/24 05:00:00	791.750	-12.491	90.600	0.702	6.315	141.796	-1.090	0.090	239.720	256.140
11/13/24 06:00:00	791.650	-13.315	90.000	4.210	8.420	292.016	-1.150	0.000	243.610	257.270
11/13/24 07:00:00	791.850	-14.314	91.000	2.105	5.613	19.655	-2.190	-0.060	240.280	253.860
11/13/24 08:00:00	791.750	-13.772	90.700	0.702	4.911	345.365	-1.110	0.050	248.460	257.760
11/13/24 09:00:00	791.850	-14.471	90.200	0.702	3.508	343.961	-1.240	0.010	246.750	255.570
11/13/24 10:00:00	791.450	-13.811	91.100	2.105	6.315	304.651	-0.510	1.400	248.890	258.230
11/13/24 11:00:00	791.150	-13.352	90.200	0.702	4.911	306.055	11.610	18.690	251.330	258.130
11/13/24 12:00:00	790.950	-14.004	89.700	2.105	6.315	307.459	37.650	57.570	245.360	249.280
11/13/24 13:00:00	790.950	-15.628	89.300	2.807	6.315	353.788	56.080	83.670	245.680	247.460
11/13/24 14:00:00	790.850	-14.159	89.500	1.403	4.210	352.384	90.920	125.690	253.140	256.890
11/13/24 15:00:00	790.650	-16.202	89.000	5.613	9.823	334.133	72.870	95.420	229.800	254.810
11/13/24 16:00:00	790.650	-16.534	88.500	9.121	16.138	339.749	40.930	56.990	197.370	246.020
11/13/24 17:00:00	791.050	-17.167	88.400	11.226	15.436	341.153	16.720	23.430	201.840	240.350
11/13/24 18:00:00	791.450	-17.040	88.800	9.823	17.541	331.325	0.860	1.550	237.240	247.460
11/13/24 19:00:00	791.450	-17.295	88.300	11.226	16.839	327.114	-0.470	-0.100	242.870	247.250
11/13/24 20:00:00	791.750	-17.040	88.200	10.524	15.436	328.518	-2.190	-0.070	227.970	241.890
11/13/24 21:00:00	792.450	-17.553	88.200	9.121	14.033	339.749	-1.950	0.070	234.420	242.670
11/13/24 22:00:00	791.950	-16.786	88.400	4.210	10.524	332.729	-0.780	0.300	243.300	247.800
11/13/24 23:00:00	792.550	-17.167	88.300	4.911	9.121	313.075	-0.860	0.030	242.880	246.720
11/14/24 00:00:00	792.550	-16.786	88.600	6.315	12.629	300.439	-0.510	0.110	245.590	248.600
11/14/24 01:00:00	792.550	-16.870	88.300	1.403	7.016	299.035	-0.820	0.140	245.330	247.300
11/14/24 02:00:00	793.150	-17.040	88.000	0.702	5.613	209.184	-1.900	-0.170	243.130	241.890
11/14/24 03:00:00	793.350	-16.955	88.200	0.702	4.210	233.051	-2.370	-0.110	243.260	241.130
11/14/24 04:00:00	793.250	-16.078	88.800	0.000	2.807	248.494	-2.150	-0.210	245.960	242.000
11/14/24 05:00:00	793.150	-15.264	89.400	2.105	9.121	192.337	-3.120	-0.340	249.330	246.660
11/14/24 06:00:00	793.250	-14.746	87.700	8.420	18.242	228.839	-4.780	1.090	248.180	243.330
11/14/24 07:00:00	792.850	-14.589	85.000	3.508	18.242	213.396	-3.830	-0.730	245.270	233.380
11/14/24 08:00:00	793.350	-14.865	82.500	5.613	14.033	213.396	-4.920	-0.660	245.440	235.190
11/14/24 09:00:00	793.450	-14.865	86.600	9.121	14.033	293.420	-4.190	-0.180	246.190	238.650
11/14/24 10:00:00	793.250	-14.314	83.000	7.016	14.734	324.306	-4.560	1.450	246.870	232.300
11/14/24 11:00:00	793.750	-13.013	82.200	5.613	9.823	358.000	1.150	12.770	247.340	234.810
11/14/24 12:00:00	793.450	-10.969	70.800	7.718	18.944	259.725	7.130	24.530	222.570	246.530
11/14/24 13:00:00	793.250	-8.864	67.700	18.242	43.501	195.145	103.190	162.200	183.410	268.810
11/14/24 14:00:00	793.750	-9.851	67.500	19.646	43.501	189.529	117.520	180.820	185.650	265.690
11/14/24 15:00:00	794.150	-9.679	67.500	14.734	33.678	190.933	103.570	149.850	194.880	266.250
11/14/24 16:00:00	794.150	-9.439	65.400	16.138	56.131	188.125	19.620	29.550	183.130	264.210
11/14/24 17:00:00	794.250	-9.782	64.900	30.170	59.639	178.298	5.210	11.580	186.500	263.650
11/14/24 18:00:00	794.950	-9.473	64.100	19.646	42.800	185.318	-4.230	0.530	210.220	264.330
11/14/24 19:00:00	794.050	-9.371	65.700	24.557	61.744	171.278	-5.140	-1.400	198.360	265.380
11/14/24 20:00:00	794.450	-9.202	64.100	39.993	79.986	175.490	-5.400	0.210	206.790	267.380
11/14/24 21:00:00	795.050	-9.576	65.100	27.364	56.832	202.165	-3.230	-0.100	231.560	268.200
11/14/24 22:00:00	795.250	-9.371	65.500	14.033	36.485	204.973	-3.230	0.530	195.010	262.820
11/14/24 23:00:00	794.750	-9.885	68.400	16.138	35.783	204.973	-5.890	-0.240	196.560	262.490
11/15/24 00:00:00	794.750	-9.269	65.800	20.347	42.098	192.337	-5.120	0.160	190.820	262.780
11/15/24 01:00:00	794.050	-9.235	65.000	21.751	40.695	210.588	-6.930	-0.180	189.550	263.580
11/15/24 02:00:00	793.950	-9.337	66.800	21.751	39.291	206.376	-4.870	0.030	204.120	265.250
11/15/24 03:00:00	793.550	-8.663	65.100	18.944	45.606	217.608	-4.500	-0.720	214.660	267.360
11/15/24 04:00:00	791.750	-6.674	68.300	14.734	61.744	213.396	-1.730	0.660	254.210	278.030
11/15/24 05:00:00	791.850	-6.388	70.000	21.049	59.639	211.992	-1.680	-1.050	259.540	280.090
11/15/24 06:00:00	790.650	-6.834	74.400	22.452	45.606	210.588	-1.480	0.130	268.860	280.550
11/15/24 07:00:00	789.450	-5.979	74.200	18.944	42.800	206.376	-0.600	-0.270	281.170	284.390
11/15/24 08:00:00	788.450	-7.348	89.900	11.226	38.590	310.267	0.130	-0.090	284.010	284.250
11/15/24 09:00:00	787.050	-10.827	90.900	14.033	37.187	12.635	0.470	-0.380	275.040	272.080
11/15/24 10:00:00	786.150	-10.757	91.200	14.033	25.960	11.231	0.470	0.200	271.780	270.810
11/15/24 11:00:00	784.950	-10.651	91.600	17.541	23.154	348.173	5.400	7.570	271.730	272.090
11/15/24 12:00:00	784.150	-10.266	91.900	15.436	25.960	299.035	26.400	32.410	273.900	274.660
11/15/24 13:00:00	783.650	-10.162	92.100	12.629	24.557	322.902	55.220	69.760	271.030	276.460
11/15/24 14:00:00	783.650	-9.851	92.400	7.718	25.960	275.169	59.340	85.710	270.510	275.690
11/15/24 15:00:00	783.150	-6.962	94.000	10.524	46.308	206.376	14.820	28.760	240.350	278.640
11/15/24 16:00:00	782.850	-6.547	93.700	22.452	44.905	186.722	20.440	31.150	245.920	282.430
11/15/24 17:00:00	782.750	-5.823	93.600	24.557	53.324	176.894	7.020	11.920	269.900	284.770
11/15/24 18:00:00	782.950	-6.105	93.500	20.347	41.396	213.396	-0.240	0.190	283.800	286.850
11/15/24 19:00:00	782.350	-6.738	94.000	13.331	22.452	223.224	-0.580	0.010	280.240	285.640
11/15/24 20:00:00	782.250	-6.642	93.900	13.331	26.662	220.416	-1.150	-0.010	269.720	283.760
11/15/24 21:00:00	782.450	-7.413	93.800	7.718	17.541	275.169	-1.550	-0.410	275.060	282.210
11/15/24 22:00:00	782.250	-7.510	94.500	7.016	12.629	338.345	-0.580	-0.150	278.320	282.260
11/15/24 23:00:00	782.150	-7.381	94.700	3.508	7.718	327.114	-0.660	-0.050	278.780	281.300
11/16/24 00:00:00	782.050	-7.187	94.900	4.210	13.331	297.631	-0.420	-0.020	282.600	283.510
11/16/24 01:00:00	782.150	-7.445	94.600	2.105	7.016	331.325	-0.400	-0.040	284.380	283.330
11/16/24 02:00:00	781.950	-7.738	94.700	9.121	21.049	320.094	-1.510	-0.090	274.220	280.150
11/16/24 03:00:00	782.050	-7.935	94.500	8.420	16.839	22.463	-1.130	-0.030	278.090	281.060
11/16/24 04:00:00	782.050	-8.099	94.400	8.420	17.541	1.404	-0.840	0.610	278.060	281.310
11/16/24 05:00:00	781.850	-7.902	94.500	10.524	21.049	342.557	-1.770	-0.100	277.830	280.860
11/16/24 06:00:00	780.850	-7.640	94.600	4.911	15.436	336.941	-2.130	-0.290	278.450	280.560
11/16/24 07:00:00	781.250	-7.804	94.500	2.807	15.436	265.341	-2.130	-0.450	274.540	276.900
11/16/24 08:00:00	780.950	-8.563	94.300	6.315	13.331	350.980	-1.150	-0.220	278.020	279.520
11/16/24 09:00:00	781.050	-8.563	94.300	5.613	11.226	342.557	-1.510	-0.120	277.800	278.330
11/16/24 10:00:00	781.050	-8.430	94.400	3.508	8.420	318.690	-1.000	0.680	278.330	278.080
11/16/24 11:00:00	780.650	-8.165	94.400	1.403	7.016	234.455	7.180	11.610	280.490	279.800
11/16/24 12:00:00	780.950	-7.836	94.800	0.702	3.508	185.318	29.720	40.460	285.870	285.190
11/16/24 13:00:00	780.950	-7.155	95.400	0.702	3.508	133.373	26.250	46.010	287.800	287.260
11/16/24 14:00:00	780.750	-8.231	94.600	0.000	0.000	307.459	28.460	60.150	287.070	286.440
11/16/24 15:00:00	780.750	-8.066	94.500	0.000	0.000	296.227	24.190	55.160	287.110	285.400
11/16/24 16:00:00	780.650	-8.331	94.400	0.000	0.000	335.537	16.320	38.530	284.680	282.690
11/16/24 17:00:00	780.850	-8.663	94.300	0.000	0.000	317.286	4.740	12.800	280.220	278.380
11/16/24 18:00:00	780.850	-9.134	94.100	0.000	0.000	336.941	-0.640	0.320	276.540	274.940
11/16/24 19:00:00	780.750	-9.679	93.700	0.000	0.000	321.498	-0.780	-0.040	273.680	271.580
11/16/24 20:00:00	781.050	-10.934	93.100	0.000	0.000	345.365	0.290	-0.280	269.920	269.390
11/16/24 21:00:00	781.450	-12.269	92.400	3.508	15.436	324.306	-0.640	-0.170	264.600	264.180
11/16/24 22:00:00	781.650	-13.088	92.100	9.121	14.734	332.729	-0.510	-0.260	260.990	260.530
11/16/24 23:00:00	782.050	-14.275	91.100	10.524	18.242	343.961	-0.310	0.290	257.020	257.060
11/17/24 00:00:00	782.450	-14.432	91.000	9.121	16.839	345.365	-0.270	0.090	256.180	255.960
11/17/24 01:00:00	782.850	-15.024	90.600	6.315	9.121	348.173	-0.290	-0.010	254.100	254.210
11/17/24 02:00:00	783.050	-15.144	90.400	7.016	11.928	338.345	-0.180	0.140	254.170	254.020
11/17/24 03:00:00	783.650	-15.305	90.200	2.105	5.613	335.537	-1.090	0.070	251.720	251.350
11/17/24 04:00:00	783.850	-15.224	90.200	2.807	6.315	292.016	-2.170	-0.390	251.690	251.110
11/17/24 05:00:00	784.050	-16.037	89.800	1.403	6.315	296.227	-1.090	-0.030	249.030	248.680
11/17/24 06:00:00	784.250	-17.338	89.300	4.911	7.718	343.961	-0.640	-0.080	244.780	244.720
11/17/24 07:00:00	785.150	-17.813	88.700	4.210	6.315	346.769	-1.110	-0.050	242.100	241.920
11/17/24 08:00:00	785.350	-16.534	89.300	4.210	9.121	310.267	-0.860	0.100	247.780	247.390
11/17/24 09:00:00	785.550	-16.744	89.200	4.210	8.420	300.439	-2.350	-0.450	243.850	243.350
11/17/24 10:00:00	786.050	-17.813	88.500	2.105	6.315	342.557	-1.130	0.530	241.100	240.680
11/17/24 11:00:00	786.750	-17.988	88.500	4.911	7.718	331.325	3.300	10.130	240.370	240.060
11/17/24 12:00:00	787.050	-19.012	87.700	3.508	5.613	320.094	9.100	24.040	238.290	237.860
11/17/24 13:00:00	787.250	-18.474	87.900	2.105	5.613	321.498	73.050	125.440	249.670	249.560
11/17/24 14:00:00	786.850	-16.912	89.100	2.105	4.911	299.035	61.730	151.700	270.710	271.950
11/17/24 15:00:00	787.450	-17.683	88.700	2.105	4.911	324.306	24.030	80.870	250.370	246.630
11/17/24 16:00:00	788.050	-18.832	88.000	4.210	6.315	314.478	11.960	40.620	240.300	235.800
11/17/24 17:00:00	788.750	-19.469	87.400	2.807	4.911	303.247	6.270	20.210	236.540	233.210
11/17/24 18:00:00	788.750	-19.377	87.500	2.807	6.315	313.075	-1.170	0.680	235.000	233.510
11/17/24 19:00:00	789.350	-20.073	87.200	4.911	7.718	334.133	-0.840	0.030	233.990	233.490
11/17/24 20:00:00	789.750	-20.980	86.900	8.420	14.734	332.729	-1.110	-0.050	230.520	229.660
11/17/24 21:00:00	789.850	-21.716	86.400	9.121	11.928	332.729	-0.620	0.240	227.390	226.990
11/17/24 22:00:00	790.250	-21.125	86.800	5.613	12.629	314.478	-0.580	0.550	230.630	229.590
11/17/24 23:00:00	790.750	-20.835	86.600	7.718	11.226	317.286	-0.970	0.170	230.470	229.680
11/18/24 00:00:00	790.950	-21.077	86.600	9.121	12.629	327.114	-1.680	-0.130	228.580	228.480
11/18/24 01:00:00	791.750	-21.716	86.300	5.613	9.121	329.922	-0.910	0.210	227.590	227.280
11/18/24 02:00:00	792.050	-22.320	86.000	2.807	9.121	342.557	-1.040	0.030	225.290	225.490
11/18/24 03:00:00	792.550	-21.617	86.200	9.121	17.541	331.325	-0.660	0.040	228.410	228.430
11/18/24 04:00:00	792.950	-22.422	85.800	11.928	16.839	328.518	-1.200	0.290	224.550	224.870
11/18/24 05:00:00	793.350	-22.473	85.700	10.524	14.734	345.365	-1.900	-0.050	223.550	223.850
11/18/24 06:00:00	793.750	-21.223	86.200	7.718	14.734	315.882	-0.270	0.130	230.000	229.830
11/18/24 07:00:00	794.250	-22.269	85.800	7.718	13.331	327.114	-0.890	0.050	225.220	225.370
11/18/24 08:00:00	794.650	-22.269	85.700	8.420	14.033	314.478	-1.640	-0.030	224.570	224.980
11/18/24 09:00:00	795.350	-22.729	85.400	6.315	11.928	325.710	-1.310	-0.100	222.430	222.670
11/18/24 10:00:00	795.950	-22.524	85.500	7.718	11.928	341.153	-0.330	0.690	224.530	224.650
11/18/24 11:00:00	796.650	-22.937	85.600	7.016	13.331	329.922	3.280	8.660	224.900	225.210
11/18/24 12:00:00	797.250	-23.198	85.500	6.315	9.121	328.518	11.010	25.860	225.280	225.790
11/18/24 13:00:00	797.850	-22.885	85.600	8.420	11.928	325.710	56.610	110.840	230.250	231.500
11/18/24 14:00:00	797.450	-22.678	85.900	5.613	11.928	325.710	44.230	107.130	237.440	240.220
11/18/24 15:00:00	798.350	-23.198	85.300	7.016	11.928	322.902	17.610	41.990	224.890	225.300
11/18/24 16:00:00	798.950	-22.575	85.700	11.226	25.259	320.094	15.420	40.670	227.710	226.530
11/18/24 17:00:00	799.350	-23.781	85.100	14.033	21.049	327.114	4.250	11.980	221.510	220.920
11/18/24 18:00:00	800.250	-24.214	84.600	12.629	18.242	343.961	-0.440	0.550	218.400	217.370
11/18/24 19:00:00	800.750	-23.997	84.700	12.629	18.242	341.153	-0.930	0.090	219.350	218.820
11/18/24 20:00:00	801.450	-24.160	84.600	14.734	23.856	332.729	-0.270	0.080	219.760	219.520
11/18/24 21:00:00	802.450	-23.835	84.700	17.541	23.856	327.114	-0.220	-0.030	220.550	220.240
11/18/24 22:00:00	802.650	-23.997	84.900	13.331	21.751	328.518	-0.860	-0.360	219.560	219.970
11/18/24 23:00:00	802.850	-24.269	84.600	14.033	20.347	329.922	-0.350	-0.060	219.380	219.490
11/19/24 00:00:00	803.850	-24.821	84.200	10.524	18.242	343.961	0.020	0.040	217.450	217.250
11/19/24 01:00:00	804.150	-25.045	84.100	14.033	23.154	1.404	-0.220	0.030	217.000	217.090
11/19/24 02:00:00	804.850	-24.821	84.200	22.452	34.380	352.384	0.000	0.050	217.920	217.870
11/19/24 03:00:00	805.550	-24.932	84.100	24.557	32.977	345.365	-0.160	0.030	217.280	217.380
11/19/24 04:00:00	806.450	-24.932	84.100	19.646	30.170	2.808	-0.070	-0.300	217.440	217.440
11/19/24 05:00:00	807.150	-25.214	83.900	18.242	25.960	9.827	-0.070	-0.030	216.490	216.490
11/19/24 06:00:00	807.650	-25.671	83.600	17.541	24.557	8.424	-0.090	0.290	214.680	214.520
11/19/24 07:00:00	808.450	-25.613	83.600	22.452	30.170	345.365	-0.420	0.010	214.610	214.610
11/19/24 08:00:00	809.450	-26.253	83.300	21.751	30.170	338.345	0.380	0.450	212.390	212.010
11/19/24 09:00:00	810.450	-26.669	82.800	21.049	32.275	320.094	-0.110	0.680	211.390	210.700
11/19/24 10:00:00	811.450	-27.153	82.700	18.944	32.275	292.016	0.220	0.750	209.350	208.790
11/19/24 11:00:00	812.350	-26.849	82.700	17.541	26.662	320.094	2.680	7.660	209.340	209.510
11/19/24 12:00:00	812.950	-26.253	83.100	11.928	19.646	327.114	11.360	22.620	212.100	212.190
11/19/24 13:00:00	812.950	-26.609	83.200	11.226	16.138	325.710	29.610	51.570	214.060	214.420
11/19/24 14:00:00	812.550	-26.550	83.100	7.718	14.033	336.941	67.160	90.450	222.290	222.800
11/19/24 15:00:00	812.650	-26.136	83.400	9.121	12.629	352.384	54.550	86.430	227.550	225.310
11/19/24 16:00:00	812.650	-25.671	83.200	7.718	14.033	317.286	5.710	20.700	216.950	211.650
11/19/24 17:00:00	814.050	-26.609	82.800	6.315	16.839	314.478	1.440	8.800	208.510	204.220
11/19/24 18:00:00	814.750	-26.849	82.600	5.613	12.629	331.325	-2.260	0.780	206.280	202.390
11/19/24 19:00:00	814.350	-25.902	83.100	7.016	14.033	294.824	-0.380	0.690	212.100	206.580
11/19/24 20:00:00	814.250	-25.441	83.200	7.718	12.629	282.188	-3.010	0.280	211.930	208.240
11/19/24 21:00:00	815.050	-25.327	83.400	5.613	14.033	327.114	-2.100	0.000	212.250	207.740
11/19/24 22:00:00	815.350	-25.728	83.000	5.613	9.823	324.306	0.930	1.630	214.130	208.410
11/19/24 23:00:00	814.550	-23.781	84.000	7.718	13.331	262.533	-1.240	0.860	220.350	214.560
11/20/24 00:00:00	814.450	-21.916	84.700	11.226	18.944	279.380	0.530	-0.870	227.850	220.950
11/20/24 01:00:00	814.150	-20.404	86.200	11.928	20.347	282.188	-1.060	0.180	232.280	225.880
11/20/24 02:00:00	814.150	-19.839	86.600	12.629	21.049	272.361	0.290	0.330	235.730	227.890
11/20/24 03:00:00	813.950	-18.296	87.700	11.226	19.646	284.996	-0.510	-0.480	238.380	229.330
11/20/24 04:00:00	813.650	-18.652	87.300	9.121	18.242	256.918	-0.470	0.260	238.940	228.640
11/20/24 05:00:00	814.150	-18.076	87.800	8.420	15.436	290.612	-1.280	0.940	239.980	227.420
11/20/24 06:00:00	813.950	-18.340	87.500	8.420	15.436	279.380	-1.570	0.700	239.480	225.220
11/20/24 07:00:00	813.950	-17.167	88.200	9.823	21.049	290.612	1.330	1.920	245.790	231.130
11/20/24 08:00:00	814.150	-17.295	88.400	12.629	28.065	292.016	-3.080	-0.550	240.400	225.370
11/20/24 09:00:00	814.350	-17.683	88.100	9.823	16.839	303.247	-0.330	0.690	242.980	227.910
11/20/24 10:00:00	813.950	-16.451	88.600	9.823	23.154	292.016	0.200	1.610	246.470	228.080
11/20/24 11:00:00	814.850	-16.160	89.100	10.524	23.856	287.804	1.990	10.480	249.270	233.140
11/20/24 12:00:00	814.150	-15.791	89.100	9.823	25.960	308.863	7.770	21.980	250.840	234.460
11/20/24 13:00:00	814.350	-16.037	89.300	12.629	25.960	313.075	13.020	32.840	249.840	238.430
11/20/24 14:00:00	814.250	-15.264	89.400	14.734	34.380	297.631	96.440	125.090	172.020	243.740
11/20/24 15:00:00	813.650	-14.786	89.800	14.734	30.170	300.439	85.540	101.990	170.550	241.320
11/20/24 16:00:00	814.050	-15.224	89.300	15.436	31.573	297.631	11.890	24.880	172.970	240.650
11/20/24 17:00:00	814.350	-14.746	89.700	13.331	31.573	301.843	6.670	10.800	231.380	248.290
11/20/24 18:00:00	814.850	-15.184	89.400	9.823	25.960	328.518	-0.910	0.450	231.940	247.370
11/20/24 19:00:00	814.350	-13.849	88.800	14.033	34.380	314.478	-1.440	0.010	226.940	250.810
11/20/24 20:00:00	814.450	-14.159	88.300	7.718	20.347	332.729	-2.970	0.240	197.460	244.590
11/20/24 21:00:00	814.450	-13.088	61.700	10.524	26.662	307.459	-3.700	0.660	204.140	246.410
11/20/24 22:00:00	814.150	-12.049	46.800	15.436	35.783	310.267	-1.770	-0.240	242.760	256.190
11/20/24 23:00:00	814.650	-11.505	41.900	14.734	36.485	297.631	-1.310	-0.180	247.340	257.600
11/21/24 00:00:00	814.750	-11.218	39.200	11.226	32.977	300.439	-1.860	-0.250	237.190	257.080
11/21/24 01:00:00	814.750	-10.546	36.600	11.226	32.275	308.863	-1.640	-0.170	240.360	259.890
11/21/24 02:00:00	814.950	-10.301	40.800	14.033	28.767	303.247	-3.300	-0.160	192.620	250.360
11/21/24 03:00:00	814.650	-9.919	42.100	9.121	28.065	311.671	0.040	-0.390	270.160	265.160
11/21/24 04:00:00	814.750	-9.337	47.100	10.524	28.767	286.400	-1.840	-0.710	272.920	268.780
11/21/24 05:00:00	814.550	-9.508	49.300	5.613	18.944	273.765	0.310	-0.150	275.490	269.950
11/21/24 06:00:00	814.450	-9.816	47.900	6.315	19.646	16.847	-0.750	-0.360	267.030	268.610
11/21/24 07:00:00	814.550	-8.932	56.000	9.121	25.960	283.592	-1.000	-0.710	276.920	272.330
11/21/24 08:00:00	814.550	-8.932	76.200	7.718	20.347	275.169	1.550	0.130	279.300	275.960
11/21/24 09:00:00	815.050	-9.473	83.900	5.613	17.541	310.267	-0.270	-0.130	276.290	275.050
11/21/24 10:00:00	815.350	-8.430	90.100	4.911	19.646	63.176	1.200	0.270	275.060	277.770
11/21/24 11:00:00	815.150	-7.804	90.700	5.613	17.541	12.635	12.450	16.930	272.470	278.920
11/21/24 12:00:00	814.950	-7.122	90.700	4.210	14.734	328.518	26.490	36.660	274.200	282.180
11/21/24 13:00:00	814.950	-6.262	87.100	4.210	14.033	231.647	36.610	52.090	268.550	283.590
11/21/24 14:00:00	815.150	-6.073	88.100	3.508	12.629	179.702	32.450	47.870	270.160	284.180
11/21/24 15:00:00	815.050	-6.515	87.000	7.718	18.944	102.486	44.140	60.800	252.180	282.740
11/21/24 16:00:00	815.250	-6.642	89.300	9.823	19.646	103.890	34.640	47.530	260.330	281.280
11/21/24 17:00:00	815.650	-8.000	94.800	5.613	18.944	46.329	5.830	10.190	263.210	278.770
11/21/24 18:00:00	815.650	-7.771	94.500	6.315	16.138	320.094	-0.470	0.470	271.550	280.770
11/21/24 19:00:00	816.150	-7.968	94.500	7.718	20.347	320.094	-0.930	0.180	273.600	279.890
11/21/24 20:00:00	816.250	-7.869	94.700	9.121	20.347	313.075	-2.750	0.140	265.230	276.580
11/21/24 21:00:00	816.450	-8.066	94.200	11.226	23.154	341.153	-2.100	0.090	275.980	279.440
11/21/24 22:00:00	816.550	-8.000	94.400	9.121	18.242	322.902	-1.860	0.190	278.070	280.940
11/21/24 23:00:00	816.550	-8.397	94.100	6.315	12.629	296.227	-5.600	0.480	270.120	276.510
11/22/24 00:00:00	816.650	-8.430	94.100	7.718	16.138	294.824	-3.390	0.650	273.610	278.950
11/22/24 01:00:00	816.950	-9.134	93.900	9.823	17.541	293.420	-2.770	0.440	271.320	276.230
11/22/24 02:00:00	816.650	-9.303	93.900	5.613	15.436	299.035	-4.120	0.470	269.980	275.040
11/22/24 03:00:00	817.250	-9.303	93.500	7.718	21.049	320.094	-4.500	-0.530	269.930	273.160
11/22/24 04:00:00	816.850	-9.508	93.900	5.613	15.436	259.725	-3.210	0.220	269.230	274.590
11/22/24 05:00:00	816.650	-10.023	93.000	9.823	17.541	297.631	-1.660	-0.020	271.170	273.300
11/22/24 06:00:00	816.850	-9.782	93.600	9.121	19.646	320.094	-0.950	-0.260	273.560	274.350
11/22/24 07:00:00	816.750	-10.127	92.900	9.823	19.646	303.247	-0.730	-0.050	272.320	273.230
11/22/24 08:00:00	816.850	-9.816	93.500	10.524	22.452	303.247	-1.880	-0.080	272.190	273.960
11/22/24 09:00:00	816.950	-10.476	93.200	6.315	14.033	328.518	-0.930	0.110	271.610	272.610
11/22/24 10:00:00	817.250	-10.722	93.000	5.613	16.138	46.329	-0.240	0.310	271.000	271.420
11/22/24 11:00:00	816.950	-10.616	93.000	7.016	17.541	51.945	14.930	16.640	271.670	272.480
11/22/24 12:00:00	816.750	-11.040	92.800	7.718	18.242	101.082	14.400	21.670	267.330	270.550
11/22/24 13:00:00	816.850	-11.397	92.700	10.524	34.380	70.196	20.360	30.570	267.800	270.480
11/22/24 14:00:00	816.350	-11.290	92.300	7.016	21.751	82.831	67.550	89.350	273.790	280.470
11/22/24 15:00:00	815.950	-11.940	92.100	8.420	21.049	4.212	78.960	80.310	261.920	272.460
11/22/24 16:00:00	815.850	-12.269	92.000	12.629	21.751	294.824	38.740	46.940	262.150	266.060
11/22/24 17:00:00	815.450	-12.343	91.900	12.629	24.557	297.631	5.160	7.820	260.300	264.160
11/22/24 18:00:00	815.750	-12.863	91.800	15.436	23.154	343.961	-0.130	0.250	261.370	262.580
11/22/24 19:00:00	815.350	-13.013	91.700	11.928	20.347	345.365	-0.910	0.030	259.040	261.830
11/22/24 20:00:00	815.050	-13.390	91.500	14.734	28.065	334.133	-0.330	0.050	259.590	260.650
11/22/24 21:00:00	815.250	-13.696	91.200	9.823	14.033	345.365	-0.240	0.020	258.660	259.490
11/22/24 22:00:00	814.550	-14.314	90.900	9.121	16.138	287.804	-0.070	0.160	255.600	256.960
11/22/24 23:00:00	813.950	-15.184	90.100	7.718	18.242	259.725	-5.940	-0.170	242.270	250.210
11/23/24 00:00:00	813.550	-15.669	89.300	4.911	9.121	258.322	-0.090	1.140	239.170	249.010
11/23/24 01:00:00	813.350	-15.873	89.000	4.911	12.629	251.302	-0.600	0.870	236.630	246.810
11/23/24 02:00:00	813.450	-15.873	89.800	7.718	16.839	307.459	-2.570	0.450	235.920	247.310
11/23/24 03:00:00	812.550	-16.828	89.000	7.016	14.033	328.518	-0.730	0.260	240.240	245.080
11/23/24 04:00:00	812.050	-17.770	88.100	3.508	9.121	287.804	-3.410	-0.210	232.640	239.120
11/23/24 05:00:00	812.550	-15.144	89.800	11.226	25.259	289.208	-3.630	-0.130	239.980	249.650
11/23/24 06:00:00	812.050	-16.037	89.200	6.315	13.331	314.478	-3.570	0.240	236.990	245.630
11/23/24 07:00:00	811.650	-14.549	89.900	9.121	21.751	277.976	-4.500	-2.950	235.840	247.760
11/23/24 08:00:00	811.750	-15.064	89.800	12.629	22.452	282.188	-5.490	0.700	236.290	238.080
11/23/24 09:00:00	811.550	-14.432	88.700	10.524	20.347	297.631	-11.410	-0.030	225.630	234.100
11/23/24 10:00:00	811.650	-12.196	87.000	7.718	16.839	258.322	-9.790	2.780	174.800	238.450
11/23/24 11:00:00	811.450	-10.476	34.400	8.420	18.242	290.612	1.260	8.490	178.170	240.590
11/23/24 12:00:00	811.550	-10.827	32.200	14.734	24.557	263.937	9.260	20.260	177.090	244.340
11/23/24 13:00:00	811.750	-10.934	32.200	7.016	18.944	270.957	11.300	27.070	177.460	237.090
11/23/24 14:00:00	811.550	-10.058	28.800	4.911	14.033	276.573	83.830	113.570	182.770	248.460
11/23/24 15:00:00	811.150	-9.371	27.600	7.718	18.242	282.188	70.080	89.560	185.100	252.290
11/23/24 16:00:00	811.050	-10.406	30.200	3.508	17.541	342.557	13.330	26.780	184.830	238.210
11/23/24 17:00:00	810.550	-9.851	29.000	11.928	26.662	255.514	3.280	10.590	194.300	248.150
11/23/24 18:00:00	810.050	-8.132	33.400	11.928	27.364	261.129	-4.320	-0.610	196.870	254.990
11/23/24 19:00:00	810.550	-10.301	37.100	8.420	23.154	185.318	-5.450	-0.870	192.510	243.460
11/23/24 20:00:00	810.550	-9.439	38.700	7.016	13.331	265.341	-2.300	0.770	204.270	250.080
11/23/24 21:00:00	810.450	-9.033	36.000	6.315	12.629	254.110	-0.330	0.840	227.980	254.580
11/23/24 22:00:00	810.250	-7.968	35.700	6.315	11.928	249.898	-3.320	-0.560	222.200	256.370
11/23/24 23:00:00	810.350	-8.066	40.100	2.807	9.823	178.298	-3.410	-0.650	195.130	247.430
11/24/24 00:00:00	809.850	-8.198	38.800	7.016	33.678	155.835	-4.340	-0.800	194.180	252.360
11/24/24 01:00:00	809.850	-6.168	40.000	7.016	20.347	167.067	-4.960	-0.970	196.570	252.920
11/24/24 02:00:00	809.950	-6.073	48.400	11.928	31.573	195.145	-5.270	0.620	197.890	263.790
11/24/24 03:00:00	809.950	-5.823	48.600	8.420	25.259	195.145	-5.430	-0.180	199.290	262.270
11/24/24 04:00:00	809.850	-6.136	50.500	14.734	37.187	219.012	-4.140	-0.550	205.220	266.950
11/24/24 05:00:00	809.650	-6.294	51.400	22.452	38.590	221.820	-3.880	-0.210	215.470	271.110
11/24/24 06:00:00	809.450	-4.773	46.200	13.331	29.469	237.263	-5.380	-0.770	207.740	265.780
11/24/24 07:00:00	809.150	-4.469	45.300	15.436	36.485	220.416	-7.640	-1.220	200.870	266.830
11/24/24 08:00:00	809.150	-4.773	45.300	15.436	29.469	230.243	-4.850	-0.740	203.210	262.300
11/24/24 09:00:00	809.250	-5.172	50.300	12.629	30.170	196.549	0.330	1.340	262.300	280.210
11/24/24 10:00:00	808.850	-4.016	49.000	16.138	29.469	231.647	-3.190	1.040	231.110	279.270
11/24/24 11:00:00	808.850	-2.976	45.200	9.823	21.751	270.957	3.570	8.870	218.890	271.180
11/24/24 12:00:00	808.650	-3.836	48.500	2.807	13.331	202.165	11.270	22.460	204.740	263.060
11/24/24 13:00:00	808.450	-3.777	47.600	9.823	22.452	230.243	18.300	34.100	205.480	264.670
11/24/24 14:00:00	807.850	-1.785	44.400	4.911	14.033	244.282	88.570	127.640	216.340	275.710
11/24/24 15:00:00	807.350	-2.566	44.400	4.210	13.331	110.910	49.970	69.140	216.880	276.250
11/24/24 16:00:00	807.450	-1.958	43.600	8.420	18.242	266.745	14.930	27.590	220.750	275.010
11/24/24 17:00:00	806.950	0.632	35.700	8.420	32.977	161.451	3.410	9.690	246.760	290.640
11/24/24 18:00:00	806.750	0.218	36.300	9.121	38.590	178.298	-3.370	-0.050	217.970	282.870
11/24/24 19:00:00	806.050	1.044	35.200	11.226	35.783	185.318	-3.320	-0.340	265.190	293.660
11/24/24 20:00:00	805.750	1.153	33.200	18.242	42.098	195.145	-4.630	-1.290	255.060	291.810
11/24/24 21:00:00	805.450	1.099	33.300	14.033	36.485	186.722	-3.990	-1.180	265.880	291.540
11/24/24 22:00:00	805.150	0.742	36.200	9.121	26.662	171.278	-3.770	-1.240	266.250	293.750
11/24/24 23:00:00	804.550	0.989	33.600	16.138	36.485	188.125	-3.610	-1.210	264.580	295.140
11/25/24 00:00:00	804.150	-0.004	35.800	28.767	65.953	171.278	-2.040	-2.190	263.930	294.480
11/25/24 01:00:00	803.950	0.163	33.400	44.905	70.163	169.875	-6.690	-0.820	217.000	291.450
11/25/24 02:00:00	803.050	-0.451	32.200	44.203	69.462	174.086	-6.510	-0.700	213.540	290.060
11/25/24 03:00:00	802.650	-1.242	32.300	48.413	73.671	185.318	-5.010	-0.480	240.380	289.340
11/25/24 04:00:00	802.450	-1.413	31.400	46.308	78.583	178.298	-4.140	-0.130	252.920	289.390
11/25/24 05:00:00	801.950	-1.613	31.200	38.590	68.058	178.298	-7.420	-1.180	211.980	283.720
11/25/24 06:00:00	800.950	-1.756	29.700	33.678	71.567	188.125	-7.420	-0.450	205.500	283.930
11/25/24 07:00:00	801.050	-3.627	35.300	31.573	56.131	207.780	-7.550	-0.700	198.940	278.080
11/25/24 08:00:00	800.950	-3.836	36.200	29.469	46.308	206.376	-6.470	-0.630	197.270	275.480
11/25/24 09:00:00	800.450	-3.657	37.900	25.259	60.340	195.145	-6.310	-0.610	196.230	276.570
11/25/24 10:00:00	800.250	-4.499	41.500	24.557	44.905	199.357	-6.510	1.280	195.640	276.430
11/25/24 11:00:00	800.350	-5.049	43.900	28.767	58.937	196.549	-1.950	5.400	192.240	272.050
11/25/24 12:00:00	800.350	-7.058	53.300	25.259	44.203	210.588	8.680	18.740	191.390	270.250
11/25/24 13:00:00	800.550	-8.198	60.000	32.977	51.219	210.588	24.850	33.650	209.460	271.330
11/25/24 14:00:00	800.650	-8.165	60.900	29.469	52.622	206.376	50.850	57.270	239.990	275.180
11/25/24 15:00:00	801.050	-8.033	60.700	27.364	46.308	211.992	36.190	43.160	212.810	272.230
11/25/24 16:00:00	800.850	-8.132	60.500	28.065	44.905	200.761	15.150	24.460	194.730	268.980
11/25/24 17:00:00	801.050	-8.033	61.700	25.960	40.695	204.973	0.970	6.710	215.090	270.000
11/25/24 18:00:00	801.550	-8.066	63.500	25.259	42.098	221.820	-2.190	-0.080	249.030	273.900
11/25/24 19:00:00	801.950	-7.968	64.100	21.751	37.187	214.800	-1.460	-0.070	256.480	275.320
11/25/24 20:00:00	802.350	-9.235	70.800	14.033	29.469	221.820	-5.120	-0.150	215.720	262.950
11/25/24 21:00:00	802.650	-9.747	72.800	4.911	16.839	231.647	-5.650	-0.220	208.800	260.810
11/25/24 22:00:00	802.950	-9.782	71.400	7.016	28.767	176.894	-4.580	-0.060	200.780	257.700
11/25/24 23:00:00	803.250	-9.885	70.200	4.911	16.839	164.259	-5.670	-0.430	182.550	252.630
11/26/24 00:00:00	803.350	-9.782	64.800	9.823	25.960	216.204	-5.090	0.630	181.420	252.800
11/26/24 01:00:00	803.550	-10.827	67.500	12.629	30.170	197.953	-4.980	0.210	180.260	248.280
11/26/24 02:00:00	803.550	-10.581	62.900	8.420	21.049	224.627	-6.910	-0.730	178.870	248.950
11/26/24 03:00:00	803.350	-11.397	62.600	14.734	22.452	217.608	-6.450	-0.370	177.530	251.800
11/26/24 04:00:00	803.650	-11.076	63.900	12.629	23.856	219.012	-5.520	-0.140	179.840	250.750
11/26/24 05:00:00	803.750	-11.183	64.700	6.315	14.734	220.416	-5.360	-0.440	186.610	249.100
11/26/24 06:00:00	803.550	-10.934	64.700	5.613	16.138	211.992	-3.700	-0.220	207.060	254.630
11/26/24 07:00:00	803.550	-10.722	65.200	9.121	17.541	216.204	-1.130	0.480	246.340	262.050
11/26/24 08:00:00	803.650	-11.397	70.300	5.613	14.734	234.455	-1.090	-0.080	250.860	263.590
11/26/24 09:00:00	803.750	-11.758	75.200	2.105	8.420	290.612	-1.420	-0.220	251.330	263.090
11/26/24 10:00:00	803.650	-12.086	86.300	2.807	9.823	313.075	-0.490	0.070	256.000	263.960
11/26/24 11:00:00	803.950	-11.903	86.700	3.508	8.420	248.494	2.550	5.250	246.870	263.570
11/26/24 12:00:00	804.250	-11.940	89.200	5.613	9.823	299.035	20.090	26.840	251.320	265.220
11/26/24 13:00:00	804.250	-12.380	85.800	7.016	14.033	282.188	33.050	45.440	215.010	259.020
11/26/24 14:00:00	804.650	-11.613	85.000	7.718	16.839	204.973	74.800	102.040	229.480	264.160
11/26/24 15:00:00	804.250	-11.903	82.200	9.823	15.436	261.129	73.600	108.530	194.410	258.930
11/26/24 16:00:00	804.650	-11.940	86.200	7.718	16.839	287.804	39.050	48.740	221.180	260.610
11/26/24 17:00:00	804.650	-12.233	88.600	10.524	20.347	290.612	6.470	9.830	244.050	263.440
11/26/24 18:00:00	804.750	-12.196	88.200	9.823	18.242	299.035	-1.020	0.240	244.220	262.160
11/26/24 19:00:00	804.850	-12.306	90.100	9.823	19.646	310.267	-0.950	-0.110	249.350	263.200
11/26/24 20:00:00	805.050	-12.751	90.200	11.928	19.646	315.882	-0.530	0.060	256.820	262.480
11/26/24 21:00:00	804.950	-13.390	89.700	10.524	18.242	318.690	-1.200	0.060	255.460	260.050
11/26/24 22:00:00	804.950	-13.390	89.700	11.226	17.541	324.306	-0.550	0.080	256.940	260.410
11/26/24 23:00:00	805.150	-13.772	89.600	11.928	18.944	318.690	-0.660	-0.050	258.350	259.100
11/27/24 00:00:00	805.450	-14.120	89.500	13.331	18.944	334.133	-0.240	0.030	257.530	257.970
11/27/24 01:00:00	805.650	-14.353	89.400	12.629	21.751	331.325	-0.550	-0.100	256.250	256.790
11/27/24 02:00:00	805.850	-14.786	89.200	17.541	25.259	342.557	-0.290	0.030	254.470	255.160
11/27/24 03:00:00	806.350	-15.264	89.000	16.839	25.960	338.345	-0.130	0.080	253.090	253.510
11/27/24 04:00:00	806.650	-15.832	88.600	19.646	26.662	348.173	-1.110	-0.110	249.870	250.820
11/27/24 05:00:00	806.650	-16.326	88.300	18.242	28.767	341.153	-1.330	0.160	246.700	248.980
11/27/24 06:00:00	806.950	-16.955	87.800	17.541	29.469	342.557	-2.900	0.000	238.160	245.110
11/27/24 07:00:00	806.950	-17.295	87.800	15.436	21.751	342.557	-1.750	0.130	241.700	244.740
11/27/24 08:00:00	807.050	-17.338	87.600	9.121	16.138	329.922	-2.440	0.090	238.670	243.450
11/27/24 09:00:00	807.050	-17.597	87.400	9.121	14.033	341.153	-1.090	0.280	240.990	243.830
11/27/24 10:00:00	807.150	-17.338	87.600	7.016	11.928	338.345	-1.040	0.120	243.280	244.430
11/27/24 11:00:00	807.450	-17.553	87.700	5.613	9.121	327.114	2.590	4.380	243.540	244.410
11/27/24 12:00:00	807.150	-17.813	87.400	4.911	8.420	338.345	10.190	14.500	243.330	244.310
11/27/24 13:00:00	807.250	-17.727	87.400	3.508	7.016	336.941	14.370	21.510	244.570	245.420
11/27/24 14:00:00	807.050	-17.510	87.300	0.702	2.105	23.867	20.730	34.840	246.420	247.580
11/27/24 15:00:00	806.850	-18.967	86.400	1.403	2.807	321.498	7.820	19.060	238.270	239.670
11/27/24 16:00:00	806.450	-19.515	86.500	0.702	5.613	165.663	10.430	17.810	236.440	237.340
11/27/24 17:00:00	805.750	-18.518	86.800	2.807	7.016	207.780	-1.590	4.240	237.410	238.640
11/27/24 18:00:00	805.850	-19.886	85.700	0.702	3.508	231.647	-3.650	-0.010	231.910	233.090
11/27/24 19:00:00	806.150	-21.174	84.700	0.000	2.105	56.157	-5.980	-0.140	225.790	226.680
11/27/24 20:00:00	806.150	-20.690	85.400	0.702	2.807	168.471	-6.420	-0.180	227.410	228.050
11/27/24 21:00:00	805.950	-20.167	85.400	0.702	2.807	193.741	-1.420	0.330	229.100	229.940
11/27/24 22:00:00	805.850	-21.667	83.300	0.000	2.807	254.110	-5.780	-0.230	223.970	224.880
11/27/24 23:00:00	805.750	-21.816	83.600	0.000	3.508	129.161	-3.700	0.130	221.820	222.540
11/28/24 00:00:00	806.050	-22.678	83.400	0.702	3.508	303.247	-1.510	-0.050	224.230	224.550
11/28/24 01:00:00	806.150	-22.320	84.200	1.403	3.508	350.980	-3.280	-0.130	225.210	225.720
11/28/24 02:00:00	806.150	-23.198	83.500	0.000	0.000	348.173	-2.260	-0.030	222.750	222.890
11/28/24 03:00:00	806.450	-23.943	82.800	0.000	0.000	346.769	-4.300	-0.210	217.240	217.520
11/28/24 04:00:00	806.450	-23.568	83.300	0.000	0.000	8.424	-1.350	0.030	221.750	221.880
11/28/24 05:00:00	806.650	-23.997	83.300	0.000	0.000	9.827	-2.460	-0.030	220.040	220.250
11/28/24 06:00:00	806.650	-25.045	81.900	0.000	0.000	26.675	-2.520	-0.020	215.940	216.100
11/28/24 07:00:00	806.550	-23.943	82.800	0.000	0.702	306.055	-3.060	-0.030	219.440	219.610
11/28/24 08:00:00	806.550	-23.198	83.700	0.000	0.000	327.114	0.180	0.100	223.600	223.600
11/28/24 09:00:00	806.250	-22.168	84.500	0.000	0.702	286.400	-0.070	0.060	227.480	227.510
11/28/24 10:00:00	806.650	-22.016	84.800	6.315	13.331	282.188	0.040	0.100	228.020	228.050
11/28/24 11:00:00	806.750	-21.617	85.000	7.718	14.734	286.400	2.520	3.930	229.710	229.760
11/28/24 12:00:00	806.650	-21.419	85.200	9.121	16.839	286.400	15.660	19.710	231.460	231.620
11/28/24 13:00:00	807.050	-21.667	85.100	7.718	14.734	329.922	18.050	24.810	232.970	233.170
11/28/24 14:00:00	807.250	-21.816	85.200	5.613	9.121	338.345	23.900	32.240	233.030	233.310
11/28/24 15:00:00	806.950	-21.617	85.100	6.315	9.823	335.537	23.590	31.990	233.830	234.150
11/28/24 16:00:00	807.150	-22.016	84.900	6.315	9.823	331.325	12.780	17.140	230.910	230.770
11/28/24 17:00:00	807.750	-22.269	84.700	4.911	9.823	331.325	1.660	3.190	227.940	228.100
11/28/24 18:00:00	807.550	-22.575	84.600	5.613	9.121	350.980	-0.420	-0.020	226.170	226.230
11/28/24 19:00:00	807.550	-22.269	84.700	5.613	9.823	341.153	-0.090	0.060	227.070	227.150
11/28/24 20:00:00	807.850	-22.218	84.600	6.315	9.823	336.941	-0.530	-0.140	227.360	227.420
11/28/24 21:00:00	807.850	-23.041	84.200	7.016	9.823	341.153	-0.090	0.050	224.770	224.810
11/28/24 22:00:00	808.950	-23.568	83.900	5.613	8.420	334.133	-0.490	0.000	222.650	222.720
11/28/24 23:00:00	808.750	-22.729	84.400	7.016	10.524	320.094	-0.020	0.040	225.520	225.560
11/29/24 00:00:00	809.050	-23.093	84.200	7.016	11.928	328.518	-0.420	-0.050	223.960	224.030
11/29/24 01:00:00	808.750	-22.320	84.700	4.911	9.823	308.863	0.530	0.140	227.420	227.490
11/29/24 02:00:00	808.950	-23.145	84.200	5.613	8.420	342.557	-0.690	-0.080	223.990	224.030
11/29/24 03:00:00	809.250	-22.781	84.300	4.210	7.718	345.365	-0.070	0.040	224.960	225.030
11/29/24 04:00:00	808.550	-22.218	84.400	3.508	7.016	306.055	-0.910	-0.030	227.120	227.260
11/29/24 05:00:00	808.350	-23.093	84.200	3.508	7.016	350.980	-0.820	-0.010	223.390	223.490
11/29/24 06:00:00	808.750	-23.409	83.800	2.807	5.613	321.498	-0.550	0.130	222.440	222.640
11/29/24 07:00:00	808.450	-22.885	84.200	4.210	9.121	331.325	0.310	0.120	224.390	224.310
11/29/24 08:00:00	808.750	-22.885	84.000	3.508	8.420	318.690	0.530	0.230	224.280	224.260
11/29/24 09:00:00	808.450	-22.371	84.100	3.508	8.420	292.016	-4.160	-0.180	223.210	223.510
11/29/24 10:00:00	808.850	-23.356	83.600	4.210	9.121	345.365	-3.900	0.100	219.030	219.370
11/29/24 11:00:00	809.250	-23.356	83.400	4.210	10.524	308.863	0.330	3.700	221.820	222.120
11/29/24 12:00:00	808.950	-22.524	84.400	4.911	10.524	275.169	5.140	10.400	226.580	226.520
11/29/24 13:00:00	809.150	-22.575	84.200	4.911	10.524	266.745	6.310	15.090	226.370	226.260
11/29/24 14:00:00	808.250	-22.575	84.100	6.315	10.524	249.898	30.500	96.640	233.270	234.030
11/29/24 15:00:00	807.650	-21.469	85.100	7.718	10.524	234.455	16.170	37.300	233.750	233.650
11/29/24 16:00:00	807.750	-22.016	84.500	4.911	8.420	286.400	6.980	14.730	228.450	228.140
11/29/24 17:00:00	807.350	-21.667	85.000	4.911	7.016	266.745	3.500	6.240	229.240	228.520
11/29/24 18:00:00	807.450	-22.117	84.500	9.121	17.541	254.110	-2.460	1.000	217.400	226.310
11/29/24 19:00:00	807.150	-21.077	85.100	11.928	21.049	258.322	-2.750	0.770	183.090	229.210
11/29/24 20:00:00	807.450	-22.016	84.400	10.524	22.452	275.169	-3.880	0.190	154.530	224.760
11/29/24 21:00:00	807.350	-21.419	84.400	10.524	23.154	272.361	-3.940	0.280	147.620	226.140
11/29/24 22:00:00	807.050	-21.125	84.100	19.646	28.767	254.110	-2.330	1.070	147.580	225.270
11/29/24 23:00:00	806.550	-20.404	79.500	21.049	30.170	251.302	-3.150	0.290	147.670	220.190
11/30/24 00:00:00	806.850	-20.931	62.900	15.436	24.557	249.898	-5.290	0.830	146.320	217.300
11/30/24 01:00:00	806.050	-20.547	58.900	19.646	33.678	245.686	-4.610	1.080	146.630	220.350
11/30/24 02:00:00	805.950	-21.518	60.000	26.662	37.187	247.090	-4.190	0.480	145.990	217.800
11/30/24 03:00:00	805.850	-19.886	57.100	18.242	35.082	213.396	-7.750	-0.220	146.720	212.170
11/30/24 04:00:00	805.250	-20.309	51.900	5.613	21.751	165.663	-5.070	0.220	146.250	215.270
11/30/24 05:00:00	804.750	-19.793	51.600	10.524	27.364	204.973	-3.170	1.600	147.230	210.820
11/30/24 06:00:00	804.350	-19.654	43.800	12.629	26.662	211.992	-6.820	-0.710	146.580	212.240
11/30/24 07:00:00	803.950	-20.309	44.200	12.629	25.960	209.184	-6.450	-0.220	146.870	213.860
11/30/24 08:00:00	803.450	-20.026	41.600	9.121	23.856	209.184	-5.380	-0.130	147.350	216.450
11/30/24 09:00:00	802.950	-19.377	38.500	15.436	25.960	221.820	-4.890	0.290	148.070	218.220
11/30/24 10:00:00	802.850	-19.979	37.700	11.226	23.856	210.588	-5.630	0.730	147.930	217.640
11/30/24 11:00:00	803.350	-19.012	34.600	10.524	22.452	207.780	-3.190	5.410	148.640	213.510
11/30/24 12:00:00	802.650	-19.515	38.200	16.839	25.960	224.627	5.290	17.420	148.900	214.560
11/30/24 13:00:00	802.450	-18.787	33.900	7.718	23.856	213.396	21.000	35.630	155.860	216.850
11/30/24 14:00:00	802.050	-18.563	35.800	9.121	23.856	206.376	92.030	138.520	164.550	230.020
11/30/24 15:00:00	801.650	-18.120	35.900	14.033	23.856	221.820	9.590	24.430	153.980	222.050
11/30/24 16:00:00	801.650	-18.563	33.900	14.734	21.049	221.820	5.140	16.490	153.340	220.790
11/30/24 17:00:00	801.150	-18.474	33.200	4.911	20.347	181.106	0.200	5.380	153.290	211.210
11/30/24 18:00:00	800.850	-17.944	31.700	11.928	21.751	220.416	-5.470	-0.060	154.520	223.000
11/30/24 19:00:00	800.650	-18.120	31.400	8.420	21.049	211.992	-6.930	-0.570	154.590	217.610
11/30/24 20:00:00	800.550	-17.813	30.100	9.121	19.646	224.627	-6.800	-0.780	155.150	212.590
11/30/24 21:00:00	800.550	-19.561	38.100	4.210	14.033	289.208	-3.850	-0.240	153.310	211.990
11/30/24 22:00:00	800.350	-20.595	39.700	9.823	24.557	258.322	-5.400	-0.230	151.520	207.830
11/30/24 23:00:00	801.450	-21.370	42.000	5.613	11.928	321.498	-5.050	0.180	149.210	207.830
12/01/24 00:00:00	801.050	-22.937	46.000	4.911	11.226	290.612	-3.650	0.640	147.710	203.200
12/01/24 01:00:00	800.650	-21.816	43.600	5.613	13.331	233.051	-6.250	-0.850	150.470	207.110
12/01/24 02:00:00	800.350	-21.174	41.600	10.524	17.541	238.667	-3.500	0.830	169.460	218.090
12/01/24 03:00:00	799.650	-21.816	42.900	7.016	18.242	294.824	-2.080	-0.160	203.420	221.200
12/01/24 04:00:00	799.450	-20.690	42.000	1.403	7.718	336.941	0.660	-0.030	230.420	230.600
12/01/24 05:00:00	799.250	-20.835	49.900	4.911	11.226	294.824	0.400	0.090	232.340	233.510
12/01/24 06:00:00	798.750	-21.567	47.600	2.807	9.823	279.380	-2.210	-0.010	204.050	227.050
12/01/24 07:00:00	797.950	-19.103	41.500	3.508	14.734	155.835	-1.130	0.010	222.030	233.680
12/01/24 08:00:00	797.550	-18.340	38.800	7.016	14.033	119.333	-0.420	-0.410	237.370	239.210
12/01/24 09:00:00	797.750	-19.886	50.400	4.911	11.226	277.976	0.380	0.400	232.720	236.960
12/01/24 10:00:00	797.350	-18.252	47.900	4.911	11.928	210.588	-1.240	0.100	221.030	237.120
12/01/24 11:00:00	796.950	-17.813	66.600	1.403	7.016	172.682	-0.220	3.900	198.930	231.920
12/01/24 12:00:00	796.950	-18.164	72.300	2.807	9.823	158.643	14.460	21.820	215.140	235.350
12/01/24 13:00:00	796.750	-18.787	72.300	4.210	14.734	240.071	29.920	40.860	205.820	234.530
12/01/24 14:00:00	796.450	-17.040	72.700	2.807	10.524	204.973	35.480	48.320	210.900	240.160
12/01/24 15:00:00	796.450	-16.160	71.300	2.807	7.718	256.918	23.970	32.890	225.790	243.840
12/01/24 16:00:00	796.250	-16.202	72.100	2.105	7.718	268.149	15.370	22.150	222.440	244.970
